21 21 21 21 21 21 21 21 21 21 21 21 21 21 21 21 21 21 21 21 21 21 21 21 21 21 21 21 21 21 21 21 21 21 21 21 21 21 21 21 21 21 21 21 21 21 21 21 21 21 21 21 21 21 21 21 21 21 21 21 21 21 21 21 21 21 21 21 21 21 21 21 21 21 21 21 21 21 21 21 21 21 21 21 21 21 21 21 21 21 21 21 21 21 21 21 21 21 21 21 
21 21 21 21 21 21 21 21 21 21 21 21 21 21 21 21 21 21 21 21 21 21 21 21 21 21 21 21 21 21 21 21 21 21 21 21 21 21 21 21 21 21 21 21 21 21 21 21 21 21 21 21 21 21 21 21 21 21 21 21 21 21 21 21 21 21 21 21 21 21 21 21 21 21 21 21 21 21 21 21 21 21 21 21 21 21 21 21 21 21 21 21 21 21 21 21 21 21 21 21 
21 21 21 21 21 21 21 21 21 21 21 21 21 21 21 21 21 21 21 21 21 21 21 21 21 21 21 21 21 21 21 21 21 21 21 21 21 21 21 21 21 21 21 21 21 21 21 21 21 21 21 21 21 21 21 21 21 21 21 21 21 21 21 21 21 21 21 21 21 21 21 21 21 21 21 21 21 21 21 21 21 21 21 21 21 21 21 21 21 21 21 21 21 21 21 21 21 21 21 21 
21 21 21 21 21 21 21 21 21 21 21 21 21 21 21 21 21 21 21 21 21 21 21 21 21 21 21 21 21 21 21 21 21 21 21 21 21 21 21 21 21 21 21 21 21 21 21 21 21 21 21 21 21 21 21 21 21 21 21 21 21 21 21 21 21 21 21 21 21 21 21 21 21 21 21 21 21 21 21 21 21 21 21 21 21 21 21 21 21 21 21 21 21 21 21 21 21 21 21 21 
21 21 21 21 21 21 21 21 21 21 21 21 21 21 21 21 21 21 21 21 21 21 21 21 21 21 21 21 21 21 21 21 21 21 21 21 21 21 21 21 21 21 21 21 21 21 21 21 21 21 21 21 21 21 21 21 21 21 21 21 21 21 21 21 21 21 21 21 21 21 21 21 21 21 21 21 21 21 21 21 21 21 21 21 21 21 21 21 21 21 21 21 21 21 21 21 21 21 21 21 
21 21 21 21 21 21 21 21 21 21 21 21 21 21 21 21 21 21 21 21 21 21 21 21 21 21 21 21 21 21 21 21 21 21 21 21 21 21 21 21 21 21 21 21 21 21 21 21 21 21 21 21 21 21 21 21 21 21 21 21 21 21 21 21 21 21 21 21 21 21 21 21 21 21 21 21 21 21 21 21 21 21 21 21 21 21 21 21 21 21 21 21 21 21 21 21 21 21 21 21 
21 21 21 21 21 21 21 21 21 21 21 21 21 21 21 21 21 21 21 21 21 21 21 21 21 21 21 21 21 21 21 21 21 21 21 21 21 21 21 21 21 21 21 21 21 21 21 21 21 21 21 21 21 21 21 21 21 21 21 21 21 21 21 21 21 21 21 21 21 21 21 21 21 21 21 21 21 21 21 21 21 21 21 21 21 21 21 21 21 21 21 21 21 21 21 21 21 21 21 21 
21 21 21 21 21 21 21 21 21 21 21 21 21 21 21 21 21 21 21 21 21 21 21 21 21 21 21 21 21 21 21 21 21 21 21 21 21 21 21 21 21 21 21 21 21 21 21 21 21 21 21 21 21 21 21 21 21 21 21 21 21 21 21 21 21 21 21 21 21 21 21 21 21 21 21 21 21 21 21 21 21 21 21 21 21 21 21 21 21 21 21 21 21 21 21 21 21 21 21 21 
21 21 21 21 21 21 21 21 21 21 21 21 21 21 21 21 21 21 21 21 21 21 21 21 21 21 21 21 21 21 21 21 21 21 21 21 21 21 21 21 21 21 21 21 21 21 21 21 21 21 21 21 21 21 21 21 21 21 21 21 21 21 21 21 21 21 21 21 21 21 21 21 21 21 21 21 21 21 21 21 21 21 21 21 21 21 21 21 21 21 21 21 21 21 21 21 21 21 21 21 
21 21 21 21 21 21 21 21 21 21 21 21 21 21 21 21 21 21 21 21 21 21 21 21 21 21 21 21 21 21 21 21 21 21 21 21 21 21 21 21 21 21 21 21 21 21 21 21 21 21 21 21 21 21 21 21 21 21 21 21 21 21 21 21 21 21 21 21 21 21 21 21 21 21 21 21 21 21 21 21 21 21 21 21 21 21 21 21 21 21 21 21 21 21 21 21 21 21 21 21 
21 21 21 21 21 21 21 21 21 21 21 21 21 21 21 18 26 26 26 26 26 26 26 26 26 26 26 26 26 26 26 26 26 26 26 26 26 26 26 26 26 26 26 26 26 26 26 26 26 26 26 26 26 26 26 26 26 26 26 26 26 26 26 26 26 26 26 26 26 26 26 19 21 21 21 21 21 21 21 21 21 21 21 21 21 21 21 21 21 21 21 21 21 21 21 21 21 21 21 21 
21 21 21 21 21 21 21 21 21 21 21 21 21 21 21 22 10 10 10 10 10 10 11 10 10 10 10 10 10 10 10 10 10 10 13 10 10 10 14 14 14 14 14 14 14 14 14 14 14 14 14 14 10 10 10 10 10 10 10 10 10 10 10 10 11 10 10 10 10 11 10 20 21 21 21 21 21 21 21 21 21 21 21 21 21 21 21 21 21 21 21 21 21 21 21 21 21 21 21 21 
21 21 21 21 21 21 21 21 21 21 21 21 21 21 21 22 10 10 10 10 10 10 11 11 10 10 10 10 10 10 14 14 14 14 14 14 14 14 14 14 14 14 14 14 14 14 14 14 14 14 14 14 14 14 10 10 10 10 10 10 10 10 10 10 10 10 10 10 12 11 11 25 26 26 26 19 21 21 21 21 21 21 21 21 21 21 21 21 21 21 21 21 21 21 21 21 21 21 21 21 
21 21 21 21 21 21 21 21 21 21 21 18 26 26 26 27 10 10 10 10 10 10 10 10 10 14 14 14 14 14 14 14 14 14 14 14 14 14 14 10 10 10 10 10 10 10 10 10 10 10 10 14 14 14 14 10 10 10 12 10 10 10 10 10 10 10 10 10 10 10 10 14 10 10 10 20 21 21 21 21 21 21 21 21 21 21 21 21 21 21 21 21 21 21 21 21 21 21 21 21 
21 21 21 21 21 21 21 21 21 21 21 22 10 10 10 10 10 10 10 10 10 10 14 14 14 14 14 14 14 14 14 14 14 14 14 14 10 10 10 10 10 10 10 15 16 16 16 17 11 11 11 11 11 14 14 14 10 10 10 10 10 10 10 10 10 10 10 10 10 10 10 10 10 10 10 20 21 21 21 21 21 21 21 21 21 21 21 21 21 21 21 21 21 21 21 21 21 21 21 21 
21 21 21 21 21 21 21 21 21 21 21 22 10 10 10 10 10 11 11 10 10 14 14 14 14 14 14 14 14 14 14 10 10 10 10 10 10 10 15 16 16 16 16 24 21 21 21 23 16 16 16 17 11 11 14 14 14 11 11 11 10 10 10 10 10 10 10 10 11 11 10 10 10 10 10 25 26 26 26 26 26 26 26 19 21 21 21 21 21 21 21 21 21 21 21 21 21 21 21 21 
21 21 21 21 21 21 21 21 21 21 21 22 10 10 10 10 10 11 10 10 10 14 14 14 14 14 14 14 14 14 10 10 10 10 10 10 15 16 24 21 21 21 21 21 21 21 21 21 21 21 21 23 17 11 14 14 14 14 11 11 11 11 11 11 14 10 10 10 10 10 10 10 10 10 10 10 10 10 10 10 10 10 10 20 21 21 21 21 21 21 21 21 21 21 21 21 21 21 21 21 
21 21 21 21 21 21 21 21 21 21 21 22 10 10 10 10 10 10 10 10 14 14 14 14 14 14 14 14 14 10 10 10 10 10 10 15 24 21 21 21 21 21 21 21 21 21 21 21 21 21 21 21 23 17 11 14 14 14 11 11 11 11 11 11 11 11 10 10 10 10 10 10 10 10 10 10 10 10 10 10 10 10 10 20 21 21 21 21 21 21 21 21 21 21 21 21 21 21 21 21 
21 21 21 21 21 21 21 21 21 21 21 22 10 10 10 10 10 10 10 10 14 14 14 14 14 14 14 14 10 10 10 15 16 16 16 24 21 21 21 21 21 21 21 21 21 21 21 21 21 21 21 21 21 22 11 14 14 14 14 11 11 11 11 11 11 11 11 10 10 10 10 10 10 14 14 10 10 10 10 10 10 10 10 25 26 26 26 26 19 21 21 21 21 21 21 21 21 21 21 21 
21 21 21 21 21 21 21 21 21 21 21 22 10 10 10 10 10 10 10 10 14 14 14 14 14 14 14 10 10 10 15 24 21 21 21 21 21 21 21 21 21 21 21 21 21 21 21 21 21 21 21 21 21 22 11 11 14 14 14 14 11 12 11 11 11 11 11 11 11 11 11 11 14 14 14 11 11 11 10 10 10 10 10 10 10 10 10 10 20 21 21 21 21 21 21 21 21 21 21 21 
21 21 21 21 21 21 21 21 21 21 21 22 10 10 10 10 10 10 10 14 14 14 14 14 14 14 14 10 10 10 20 21 21 21 21 21 21 21 21 21 21 21 21 21 21 21 21 21 21 21 21 21 18 27 11 11 14 14 14 14 11 11 11 11 11 11 11 11 11 11 11 11 11 14 14 11 11 11 11 11 10 10 13 10 10 10 10 10 20 21 21 21 21 21 21 21 21 21 21 21 
21 21 21 21 21 21 21 21 21 21 21 22 10 10 10 10 10 10 10 14 14 14 14 14 14 14 10 10 15 16 24 21 21 21 21 21 21 21 21 21 21 21 21 21 21 21 21 21 21 21 21 18 27 11 11 14 14 14 14 14 14 11 11 11 11 11 11 11 11 11 11 11 11 11 14 11 11 11 11 11 11 11 10 10 10 10 10 10 25 26 26 26 26 19 21 21 21 21 21 21 
21 21 21 21 21 18 26 26 26 26 26 27 10 10 10 10 10 10 14 14 14 14 14 14 14 10 10 10 20 21 21 21 21 21 21 21 21 21 21 21 21 21 21 21 21 21 21 21 21 21 18 27 11 11 14 14 14 14 14 14 14 11 11 11 11 11 11 11 11 11 11 11 11 11 11 11 11 11 11 11 11 11 11 11 10 10 10 10 10 10 10 10 10 20 21 21 21 21 21 21 
21 21 21 21 21 22 10 10 10 10 10 10 10 10 10 10 10 10 14 14 14 14 14 14 14 10 10 10 20 21 21 21 21 21 21 21 21 21 21 21 21 21 21 21 21 21 21 21 21 18 27 11 11 14 14 14 14 14 14 14 14 11 13 11 11 11 11 11 11 11 11 11 11 11 11 11 11 11 11 11 11 11 11 11 14 10 10 10 10 11 10 10 10 20 21 21 21 21 21 21 
21 21 21 21 21 22 10 10 10 10 10 10 10 10 10 11 11 11 14 14 14 14 14 14 10 10 10 10 20 21 21 21 21 21 21 21 21 21 21 21 18 19 21 21 21 21 21 21 18 27 11 11 14 14 14 14 14 14 14 14 11 11 11 11 11 11 11 11 11 11 11 11 11 11 11 14 11 11 11 11 11 11 11 14 14 10 10 10 10 10 10 12 10 20 21 21 21 21 21 21 
21 21 21 21 21 22 10 10 10 10 10 10 10 11 13 11 11 11 11 14 14 14 14 14 11 11 11 10 25 19 21 21 21 18 26 26 26 26 26 26 27 25 26 19 21 21 18 26 27 11 11 14 14 14 14 14 14 14 14 14 11 11 11 11 11 11 11 11 11 11 11 11 11 11 11 11 11 11 11 11 11 11 11 11 11 10 10 10 10 10 10 10 10 20 21 21 21 21 21 21 
21 21 21 21 21 22 10 10 10 10 10 13 11 11 13 11 11 11 11 14 14 14 14 14 14 11 11 11 11 25 26 26 26 27 10 10 10 10 10 10 10 10 10 25 26 26 27 11 11 14 14 14 14 14 14 14 14 14 14 11 11 11 11 11 11 11 11 11 11 11 11 11 12 11 11 11 11 11 11 11 11 11 11 11 11 10 10 10 10 10 10 10 10 20 21 21 21 21 21 21 
21 21 21 21 21 22 10 10 10 10 10 10 11 11 11 11 11 11 11 14 14 14 14 14 14 11 11 11 11 11 11 11 11 11 11 11 11 11 11 10 10 10 10 10 10 14 14 11 14 14 14 14 14 14 14 14 14 14 11 11 11 11 11 11 11 11 11 11 11 11 11 11 11 11 11 11 11 11 11 11 11 11 11 11 11 10 10 10 10 10 10 10 10 20 21 21 21 21 21 21 
21 21 21 21 21 22 10 10 10 10 10 14 14 14 14 11 11 14 14 14 14 14 14 14 14 10 10 11 11 11 11 11 11 11 11 11 11 11 11 11 10 10 14 14 14 14 14 14 14 14 14 14 14 14 14 14 14 11 11 11 11 11 11 11 11 11 11 11 11 11 11 11 11 11 11 11 11 11 11 11 11 11 11 11 11 10 10 10 10 10 10 10 10 20 21 21 21 21 21 21 
21 21 21 21 21 22 10 10 10 10 14 14 14 14 14 14 14 14 14 14 14 14 14 14 14 10 14 14 11 11 11 11 11 11 11 11 11 14 14 14 14 14 14 10 10 10 10 10 10 10 14 14 14 14 14 10 10 11 11 11 11 11 11 11 11 11 11 11 11 11 11 11 11 11 11 11 11 11 11 11 14 11 11 11 10 10 10 10 10 10 10 14 10 20 21 21 21 21 21 21 
21 21 21 21 21 22 10 10 10 14 14 14 14 14 14 14 14 14 14 14 14 14 14 14 14 10 14 14 14 14 14 14 14 14 14 14 14 14 14 14 14 14 10 10 10 10 10 10 10 10 10 10 10 10 10 10 10 10 10 10 10 11 11 11 11 11 11 11 11 11 11 11 11 11 11 10 11 11 11 11 11 11 10 10 10 10 10 10 10 10 10 10 10 20 21 21 21 21 21 21 
21 21 21 21 21 22 10 10 10 14 14 14 14 14 14 14 14 14 14 14 14 14 14 14 10 10 14 14 14 14 14 14 14 14 14 14 14 14 14 14 11 11 11 10 10 10 10 10 10 13 12 10 10 10 10 10 10 10 10 10 10 11 11 11 11 11 11 11 14 11 11 11 10 10 10 10 10 10 10 10 10 10 10 11 11 10 10 12 10 10 10 10 10 20 21 21 21 21 21 21 
21 21 21 21 21 22 10 10 10 14 14 14 10 10 10 10 10 10 10 10 10 10 10 10 10 10 14 14 14 14 14 14 14 14 14 14 14 14 11 11 11 11 11 10 10 10 10 10 10 10 10 10 10 10 13 10 10 10 10 10 10 10 11 11 11 11 11 11 11 11 11 10 10 10 10 10 10 10 10 10 10 10 10 11 11 10 10 10 10 10 10 10 10 20 21 21 21 21 21 21 
21 21 21 21 21 22 10 10 14 14 14 14 10 14 14 14 14 14 14 14 14 14 14 14 14 14 14 14 14 11 11 11 11 11 11 11 11 11 11 11 11 11 11 10 10 10 10 10 10 10 10 10 10 10 10 10 10 10 10 10 10 10 11 11 11 11 11 11 11 11 10 10 10 10 10 10 15 16 16 16 16 16 16 16 16 16 16 16 16 16 16 16 16 24 21 21 21 21 21 21 
21 21 21 21 21 22 10 10 14 14 14 14 10 14 14 14 14 14 14 14 14 14 14 14 14 14 14 14 11 11 11 11 11 11 11 11 11 11 11 11 11 11 11 10 10 10 10 10 10 10 10 10 10 10 10 10 10 10 10 10 14 10 10 10 11 11 11 11 11 10 10 10 10 10 10 10 20 21 21 21 21 21 21 21 21 21 21 21 21 21 21 21 21 21 21 21 21 21 21 21 
21 21 21 21 21 22 10 10 14 14 14 14 10 14 14 14 14 14 14 14 14 14 14 14 14 14 11 11 11 11 11 11 11 11 11 11 11 11 11 11 11 11 11 11 10 10 10 10 10 14 10 10 10 10 10 10 10 10 10 10 10 10 10 10 10 10 10 13 10 10 10 10 10 10 10 10 20 21 21 21 21 21 21 21 21 21 21 21 21 21 21 21 21 21 21 21 21 21 21 21 
21 21 21 21 21 22 10 10 10 14 14 14 10 14 14 14 14 14 14 14 14 14 14 14 14 11 11 11 11 11 11 11 11 11 11 11 12 11 11 11 11 11 11 11 10 10 10 10 10 10 10 10 10 10 10 10 10 10 10 10 10 10 10 10 10 14 10 10 10 10 10 10 10 12 10 10 20 21 21 21 21 21 21 21 21 21 21 21 21 21 21 21 21 21 21 21 21 21 21 21 
21 21 21 21 21 22 10 10 10 14 14 14 10 10 10 10 10 14 14 14 14 14 14 11 11 11 11 12 11 11 11 11 11 11 11 11 11 11 11 11 11 11 11 11 10 10 10 10 10 10 10 10 14 10 10 10 10 10 10 10 10 10 10 10 14 14 10 10 10 10 10 10 10 10 10 10 20 21 21 21 21 21 21 21 21 21 21 21 21 21 21 21 21 21 21 21 21 21 21 21 
21 21 21 21 21 22 10 10 10 10 14 14 14 14 14 14 10 14 14 14 14 14 11 11 11 11 11 11 11 11 11 11 11 11 11 11 11 11 11 11 11 11 11 11 10 10 10 10 10 10 10 10 14 14 10 10 10 10 10 10 10 10 10 10 14 14 10 10 10 10 10 10 10 10 10 10 20 21 21 21 21 21 21 21 21 21 21 21 21 21 21 21 21 21 21 21 21 21 21 21 
21 21 21 21 21 22 12 10 10 10 14 14 14 14 14 14 10 14 14 14 14 10 11 13 11 11 11 11 11 11 11 11 11 11 11 11 11 11 11 10 14 10 10 10 10 10 10 10 10 10 10 11 11 14 10 10 10 10 10 10 10 10 10 10 10 10 10 10 10 10 15 16 16 16 16 16 24 21 21 21 21 21 21 21 21 21 21 21 21 21 21 21 21 21 21 21 21 21 21 21 
21 21 21 21 21 22 10 10 10 10 10 10 10 10 10 10 10 14 14 10 10 10 11 11 11 11 11 11 11 11 11 11 11 11 11 11 10 10 10 10 10 10 10 10 10 10 10 10 10 10 10 10 11 10 10 10 10 10 10 10 15 16 16 16 16 16 16 16 16 16 24 21 21 21 21 21 21 21 21 21 21 21 21 21 21 21 21 21 21 21 21 21 21 21 21 21 21 21 21 21 
21 21 21 21 21 22 10 10 10 10 10 10 10 10 10 10 10 10 10 10 10 10 10 11 11 11 11 11 11 11 11 11 11 11 11 10 10 10 10 10 10 10 10 10 10 10 10 10 10 15 16 16 16 16 16 16 16 16 16 16 24 21 21 21 21 21 21 21 21 21 21 21 21 21 21 21 21 21 21 21 21 21 21 21 21 21 21 21 21 21 21 21 21 21 21 21 21 21 21 21 
21 21 21 21 21 22 10 10 10 10 10 10 10 10 10 10 10 10 10 10 10 10 10 10 11 11 11 14 14 14 14 14 14 14 10 10 10 10 10 10 10 10 10 10 10 10 10 10 10 20 21 21 21 21 21 21 21 21 21 21 21 21 21 21 21 21 21 21 21 21 21 21 21 21 21 21 21 21 21 21 21 21 21 21 21 21 21 21 21 21 21 21 21 21 21 21 21 21 21 21 
21 21 21 21 21 22 10 10 10 10 10 10 10 10 10 10 10 10 10 10 10 10 10 14 14 14 14 14 14 14 14 14 14 14 14 10 10 10 10 10 10 10 10 10 10 10 10 10 10 20 21 21 21 21 21 21 21 21 21 21 21 21 21 21 21 21 21 21 21 21 21 21 21 21 21 21 21 21 21 21 21 21 21 21 21 21 21 21 21 21 21 21 21 21 21 21 21 21 21 21 
21 21 21 21 21 23 16 16 16 16 16 16 16 16 16 16 17 12 10 10 10 10 14 14 14 14 14 14 14 14 14 14 14 14 14 10 10 10 10 10 10 10 10 10 10 10 10 10 10 20 21 21 21 21 21 21 21 21 21 21 21 21 21 21 21 21 21 21 21 18 26 26 26 26 26 26 26 26 26 26 26 26 19 21 21 21 21 21 21 21 21 21 21 21 21 21 21 21 21 21 
21 21 21 21 21 21 21 21 21 21 21 21 21 21 21 21 22 10 10 10 10 11 14 14 14 10 10 10 10 10 10 10 10 10 10 10 14 14 14 10 10 10 10 10 10 10 10 10 10 20 21 21 21 21 21 21 21 21 21 21 21 21 21 21 21 21 21 21 21 22 10 10 10 10 10 10 10 10 10 10 10 10 20 21 21 21 21 21 21 21 21 21 21 21 21 21 21 21 21 21 
21 21 21 21 21 21 21 21 21 21 21 21 21 21 21 21 22 10 10 10 10 14 14 14 14 10 10 10 10 10 10 10 10 14 14 14 14 14 14 14 10 10 10 10 10 10 10 10 10 20 21 21 21 21 21 21 21 21 21 21 21 21 21 21 21 21 21 21 21 22 11 11 11 10 10 10 10 10 11 11 11 10 20 21 21 21 21 21 21 21 21 21 21 21 21 21 21 21 21 21 
21 21 21 21 21 21 21 21 21 21 21 21 21 21 21 21 22 10 10 11 10 14 14 14 14 10 14 14 14 14 14 10 14 14 14 14 14 14 14 14 14 10 10 10 10 10 10 14 10 20 21 21 21 21 21 21 21 21 21 21 21 21 21 21 21 21 21 21 21 22 11 10 10 10 10 10 13 10 10 11 11 10 25 26 26 26 26 26 26 26 26 19 21 21 21 21 21 21 21 21 
21 21 21 21 21 21 21 21 21 21 21 21 21 21 21 21 22 10 10 10 14 14 14 14 14 10 14 14 14 14 14 10 14 14 14 14 14 14 14 14 14 14 10 10 10 10 10 10 10 20 21 21 21 21 21 21 21 21 21 21 21 21 21 21 21 21 21 21 21 22 10 10 10 10 10 10 10 10 10 10 10 10 10 10 10 10 10 10 10 11 13 20 21 21 21 21 21 21 21 21 
21 21 21 21 21 21 21 21 21 21 21 21 21 21 21 21 22 10 10 10 14 14 14 14 14 10 10 14 14 14 14 10 10 10 10 10 10 10 10 10 14 14 14 10 10 10 10 10 10 25 26 26 26 26 26 26 26 26 26 26 26 26 26 26 26 26 26 26 26 27 10 10 10 10 10 10 14 14 10 14 14 14 10 10 10 10 10 10 10 10 10 20 21 21 21 21 21 21 21 21 
21 21 21 21 21 21 21 21 21 21 21 21 21 21 21 21 22 10 10 10 14 14 14 14 14 10 10 14 14 14 14 14 14 14 14 14 14 14 14 14 14 14 14 14 10 10 10 10 10 10 10 10 10 10 10 10 10 10 10 10 10 10 10 10 10 10 10 10 10 10 10 10 10 10 14 14 14 14 10 14 14 14 14 14 10 10 10 10 10 10 10 20 21 21 21 21 21 21 21 21 
21 21 21 21 21 21 21 21 21 21 21 21 21 21 21 21 22 10 10 10 14 14 14 14 14 10 14 14 14 14 14 14 14 14 14 14 14 14 14 14 14 14 14 14 10 10 10 10 10 10 10 10 10 10 10 10 12 10 10 10 10 10 10 10 10 10 10 10 10 10 10 10 14 14 14 14 14 14 10 14 14 14 14 14 14 14 10 10 10 10 10 20 21 21 21 21 21 21 21 21 
21 21 21 21 21 21 21 21 21 21 21 21 21 21 21 21 22 10 10 10 14 14 14 14 14 10 14 14 14 14 14 14 14 14 14 14 14 14 14 14 14 14 14 14 10 10 10 10 10 10 10 10 10 10 10 10 10 10 10 10 10 10 10 10 10 10 10 10 10 10 10 14 14 14 14 14 14 14 10 10 14 14 14 14 14 14 14 10 10 11 10 20 21 21 21 21 21 21 21 21 
21 21 21 21 21 21 21 21 21 21 21 21 21 21 21 21 22 10 10 10 14 14 14 14 14 10 14 14 14 14 14 14 14 14 14 14 14 14 14 14 14 14 14 14 10 10 10 10 10 10 10 10 10 10 10 10 10 10 10 10 10 10 10 10 10 10 14 14 14 14 14 14 14 14 14 14 14 10 10 10 14 14 14 14 14 14 14 14 14 10 10 20 21 21 21 21 21 21 21 21 
21 21 21 21 21 21 21 21 21 21 21 21 21 21 21 21 22 10 11 10 14 14 14 14 14 10 14 14 14 14 14 14 14 14 14 14 14 14 14 10 10 14 14 10 10 10 10 10 10 10 10 10 10 10 10 10 10 10 10 10 10 10 12 10 14 14 14 14 14 14 14 14 14 14 14 14 10 10 10 10 10 10 10 10 10 14 14 14 14 14 10 20 21 21 21 21 21 21 21 21 
21 21 21 21 21 21 21 21 21 21 21 21 21 21 21 21 22 10 11 11 14 14 14 14 14 10 14 14 14 14 14 14 14 14 14 14 10 10 10 10 10 10 10 10 10 10 10 10 10 10 10 11 11 11 11 11 11 11 11 11 11 10 10 13 14 14 10 14 14 14 14 14 14 14 14 14 10 14 14 14 14 14 14 14 10 14 14 14 14 14 10 20 21 21 21 21 21 21 21 21 
21 21 21 21 21 21 21 21 21 21 21 21 21 21 21 21 22 10 10 10 10 14 14 14 14 10 10 10 10 10 10 10 10 10 10 10 10 10 10 10 10 10 10 10 10 10 10 10 10 10 11 11 11 11 11 11 11 11 11 11 11 11 11 11 14 14 10 10 10 10 10 10 10 10 10 10 10 14 14 14 14 14 14 14 10 14 14 14 14 14 10 20 21 21 21 21 21 21 21 21 
21 21 21 21 21 21 21 21 21 21 21 21 21 21 21 21 22 10 10 10 10 14 14 14 14 14 14 14 14 14 14 14 14 14 14 14 14 14 10 10 10 10 10 10 10 10 10 10 10 10 11 11 11 11 11 11 11 11 11 11 11 11 11 11 14 14 14 14 14 14 14 14 14 14 10 14 14 14 14 10 10 10 10 10 10 14 14 14 14 14 10 20 21 21 21 21 21 21 21 21 
21 21 21 21 21 21 21 21 21 21 21 21 21 21 21 21 22 10 10 10 10 10 14 14 14 14 14 14 14 14 14 14 14 14 14 14 14 14 14 10 10 10 10 10 10 10 10 10 10 10 11 11 11 11 11 11 11 11 11 11 11 11 11 11 11 14 14 14 14 14 14 14 14 14 10 14 14 14 14 10 14 14 14 14 14 14 14 14 14 10 10 20 21 21 21 21 21 21 21 21 
21 21 21 21 21 21 21 21 21 21 21 21 21 21 21 21 22 10 10 10 10 10 14 14 14 14 14 14 14 14 14 14 14 14 14 14 14 10 10 10 10 10 10 10 10 10 10 10 10 10 11 11 11 11 11 11 11 11 11 11 11 11 11 11 11 11 11 14 14 14 14 14 14 14 10 14 14 14 14 10 14 14 14 14 14 14 14 14 14 10 10 20 21 21 21 21 21 21 21 21 
21 21 21 21 21 21 21 21 21 21 21 21 21 21 21 21 22 10 10 11 10 10 10 10 14 14 14 14 14 14 14 14 14 14 14 14 10 10 10 10 10 10 10 10 10 10 10 10 10 10 10 11 14 11 11 11 11 11 11 11 11 11 11 11 11 11 11 11 11 11 11 14 14 14 10 10 10 14 14 14 14 14 14 14 14 14 14 14 10 10 10 20 21 21 21 21 21 21 21 21 
21 21 21 21 21 21 21 21 21 21 21 21 21 21 21 21 22 10 10 10 10 10 13 10 10 10 10 10 14 14 14 14 14 14 10 10 10 10 10 10 10 10 10 11 10 10 10 10 10 10 10 14 14 14 11 11 11 11 11 12 11 11 11 11 11 11 11 11 11 11 11 11 14 14 14 14 10 14 14 14 14 14 14 14 14 14 14 14 10 10 10 20 21 21 21 21 21 21 21 21 
21 21 21 21 21 21 21 21 21 21 21 21 21 21 21 21 22 10 10 10 10 12 10 10 10 10 10 10 10 10 10 10 10 10 10 10 10 10 10 10 10 10 10 11 11 10 10 10 10 10 10 14 14 11 11 11 11 11 11 11 11 11 11 11 11 11 12 11 11 11 11 11 11 14 14 14 10 10 10 10 10 10 14 14 14 14 14 14 10 10 10 20 21 21 21 21 21 21 21 21 
21 21 21 21 21 21 21 21 21 21 21 21 21 21 21 21 22 10 10 10 10 10 10 10 10 10 10 11 11 11 10 10 10 10 10 10 10 10 10 10 10 10 10 10 10 10 10 10 10 10 10 10 11 11 11 11 11 11 11 11 11 11 11 11 11 11 11 11 11 11 11 11 11 14 14 14 14 14 14 14 14 10 14 14 14 14 14 14 10 10 10 20 21 21 21 21 21 21 21 21 
21 21 21 21 21 21 21 21 21 21 21 21 21 21 21 21 22 12 10 10 11 10 10 10 10 10 10 11 11 10 10 10 10 10 10 10 10 10 10 10 10 10 12 10 10 10 10 10 10 10 10 10 10 11 11 11 11 11 11 11 11 11 11 11 11 11 11 11 11 11 11 11 11 11 14 14 14 14 14 14 14 10 14 14 14 14 14 14 14 10 10 20 21 21 21 21 21 21 21 21 
21 21 21 21 21 21 21 21 21 21 21 21 21 21 21 21 23 16 16 16 16 16 16 16 16 16 16 16 16 16 16 16 16 16 16 16 16 17 10 10 10 10 10 10 10 10 10 10 10 10 10 10 10 11 11 11 11 11 11 11 11 11 11 11 11 11 11 11 11 11 11 11 11 11 11 14 14 14 14 14 14 10 14 14 14 14 14 14 14 10 10 20 21 21 21 21 21 21 21 21 
21 21 21 21 21 21 21 21 21 21 21 21 21 21 21 21 21 21 21 21 21 21 21 21 21 21 21 21 21 21 21 21 21 21 21 21 21 22 10 10 10 10 10 10 13 10 10 10 10 10 10 10 10 11 11 11 11 11 11 11 11 11 11 11 11 11 11 11 11 11 11 11 11 11 11 10 11 11 14 14 14 10 10 10 10 10 10 10 14 14 10 20 21 21 21 21 21 21 21 21 
21 21 21 21 21 21 21 21 21 21 21 21 21 21 21 21 21 21 21 21 21 21 21 21 21 21 21 21 21 21 21 21 21 21 21 21 21 22 10 10 10 10 10 10 10 10 10 10 10 10 10 10 11 11 11 11 11 11 11 11 11 11 11 11 11 11 11 11 11 11 11 11 11 11 11 11 11 11 11 14 14 14 14 14 14 14 14 10 14 14 10 20 21 21 21 21 21 21 21 21 
21 21 21 21 21 21 21 21 21 21 21 21 21 21 21 21 21 21 21 21 21 21 21 21 21 21 21 21 21 21 21 21 21 21 21 21 21 22 10 10 10 10 14 14 14 14 10 10 10 10 10 10 11 14 14 14 14 11 11 11 11 11 11 11 11 11 11 11 11 11 11 11 11 11 11 11 11 11 11 14 14 14 14 14 14 14 14 10 14 14 10 20 21 21 21 21 21 21 21 21 
21 21 21 21 21 21 21 21 21 21 21 21 21 21 21 21 21 21 21 21 21 21 21 21 21 21 21 21 21 21 21 21 21 21 21 21 21 22 10 10 10 14 14 14 14 14 14 14 14 14 14 14 14 14 14 14 14 14 14 11 11 11 11 11 11 11 11 11 11 11 11 11 11 11 11 11 11 11 11 14 14 14 14 14 14 14 14 10 14 14 10 20 21 21 21 21 21 21 21 21 
21 21 21 21 21 21 21 21 21 21 21 21 21 21 21 21 21 21 21 21 21 21 21 21 21 21 21 21 21 21 21 21 21 21 21 21 21 22 10 10 10 14 14 14 10 10 10 10 10 11 14 14 14 14 14 14 14 14 14 14 11 11 11 11 11 11 11 11 11 11 11 11 11 11 11 11 11 11 11 14 14 14 14 14 14 14 14 10 14 14 10 20 21 21 21 21 21 21 21 21 
21 21 21 21 21 21 21 21 21 21 21 21 21 21 21 21 21 21 21 21 21 21 21 21 21 21 21 21 21 21 21 21 21 21 21 21 21 22 10 10 10 14 14 14 10 14 14 14 10 11 14 14 14 14 14 14 14 14 14 14 11 11 11 11 11 11 11 11 11 11 14 11 11 11 11 11 11 11 11 14 14 14 14 14 14 14 14 10 14 14 10 20 21 21 21 21 21 21 21 21 
21 21 21 21 21 21 21 21 21 21 21 21 21 21 21 21 21 21 21 21 21 21 21 21 21 21 21 21 21 21 21 21 21 21 21 21 21 22 10 10 10 14 14 14 10 14 14 14 11 11 14 14 14 14 14 14 14 14 14 14 14 11 11 11 11 12 11 11 11 11 11 11 11 11 11 11 11 11 11 14 14 14 14 10 10 10 10 10 14 14 11 20 21 21 21 21 21 21 21 21 
21 21 21 21 21 21 21 21 21 21 21 21 21 21 21 21 21 21 21 21 21 21 21 21 21 21 21 21 21 21 21 21 21 21 21 21 21 22 10 10 14 14 14 14 10 14 14 10 11 11 14 14 11 11 11 11 14 14 14 14 14 11 11 11 11 11 11 11 11 14 11 11 11 11 11 11 11 11 11 14 14 14 14 10 14 14 14 10 14 14 11 20 21 21 21 21 21 21 21 21 
21 21 21 21 21 21 21 21 21 21 21 21 21 21 21 21 21 21 21 21 21 21 21 21 21 21 21 21 21 21 21 21 21 21 21 21 21 22 10 10 14 14 14 14 10 14 14 10 11 10 14 14 11 14 14 11 14 14 14 14 14 14 11 11 11 11 11 11 11 11 11 11 11 11 11 11 11 11 11 14 14 14 14 10 14 14 14 10 14 14 11 20 21 21 21 21 21 21 21 21 
21 21 21 21 21 21 21 21 21 21 21 21 21 21 21 21 21 21 21 21 21 21 21 21 21 21 21 21 21 21 21 18 26 26 26 26 26 27 10 10 14 14 14 14 10 14 14 14 14 14 14 14 10 14 14 10 14 14 14 14 14 14 11 11 11 11 11 11 11 11 11 11 11 11 11 11 11 12 11 14 14 14 14 10 14 10 14 10 14 14 11 20 21 21 21 21 21 21 21 21 
21 21 21 21 21 21 21 21 21 21 21 21 21 21 21 21 21 21 21 21 21 21 21 21 21 21 21 21 21 21 21 22 10 10 10 10 10 10 10 14 14 14 14 14 11 11 11 11 11 11 11 10 10 14 14 10 14 14 14 14 14 14 11 11 11 11 11 11 11 11 11 11 11 11 11 11 13 11 11 14 14 14 10 10 14 10 14 10 14 14 11 20 21 21 21 21 21 21 21 21 
21 21 21 21 21 21 21 21 21 21 21 21 21 21 21 21 21 21 21 21 21 21 21 21 21 21 21 21 21 21 21 22 10 10 10 10 10 10 14 14 14 14 14 14 14 14 14 14 14 14 14 14 14 14 14 10 14 14 14 14 14 14 11 11 11 11 11 11 11 11 11 11 11 11 11 11 11 11 14 14 14 14 10 10 14 10 14 10 14 14 10 20 21 21 21 21 21 21 21 21 
21 21 21 21 21 21 21 21 21 21 21 21 21 21 21 21 21 21 21 21 21 21 21 21 21 21 21 21 21 21 21 22 10 10 10 10 14 14 14 14 14 14 14 14 14 14 14 14 14 14 14 14 14 14 14 10 14 14 14 14 14 14 11 11 11 11 11 11 11 11 11 11 11 11 11 11 14 14 14 14 14 14 10 10 14 10 10 10 14 14 10 20 21 21 21 21 21 21 21 21 
21 21 21 21 21 21 21 21 21 21 21 21 21 21 21 21 21 21 21 21 21 21 21 21 21 21 21 18 26 26 26 27 10 10 14 14 14 10 10 10 10 11 11 11 11 11 11 11 11 11 10 10 10 10 10 10 14 14 14 14 14 11 11 11 11 11 11 11 11 11 11 11 11 11 14 14 14 14 14 14 14 14 10 10 14 14 14 14 14 14 10 20 21 21 21 21 21 21 21 21 
21 21 21 21 21 21 21 21 21 21 21 21 21 21 21 21 21 21 21 21 21 21 21 21 21 21 21 22 10 10 10 10 10 14 14 14 14 10 14 14 14 14 14 14 14 14 14 14 14 10 10 10 14 14 14 14 14 14 14 14 14 11 11 11 11 11 11 11 11 11 11 11 10 14 14 14 14 14 14 14 14 14 10 10 14 14 14 14 10 10 10 20 21 21 21 21 21 21 21 21 
21 21 21 21 21 21 21 21 21 21 21 21 21 21 21 21 21 21 21 21 21 21 21 21 21 21 21 22 10 10 10 14 14 14 14 14 14 10 14 14 14 14 14 14 14 14 14 14 14 14 14 10 14 14 14 14 14 14 14 11 11 11 11 11 11 11 11 11 11 11 10 10 10 14 14 14 14 14 14 14 10 10 10 10 10 10 10 10 10 10 10 20 21 21 21 21 21 21 21 21 
21 21 21 21 21 21 21 21 21 21 21 21 21 21 21 21 21 21 21 21 21 21 21 21 21 21 21 22 10 10 14 14 14 14 14 14 14 10 14 14 14 14 14 14 14 10 14 14 14 14 14 10 14 14 14 14 11 11 11 11 11 11 11 11 11 11 11 10 10 10 10 10 10 10 14 14 14 14 14 10 10 10 10 10 15 16 16 16 16 16 16 24 21 21 21 21 21 21 21 21 
21 21 21 21 21 21 21 21 21 21 21 21 21 21 21 21 21 21 21 21 21 21 21 21 21 21 21 22 10 10 14 14 14 14 14 14 14 10 14 14 14 14 14 14 14 10 14 14 14 14 14 10 14 14 14 11 11 10 11 11 11 11 11 11 14 11 10 10 10 10 10 10 10 10 11 11 11 10 10 10 10 12 10 10 20 21 21 21 21 21 21 21 21 21 21 21 21 21 21 21 
21 21 21 21 21 21 21 21 21 21 21 21 21 21 21 21 21 21 21 21 21 21 21 21 21 21 21 22 11 11 14 14 14 14 14 14 14 10 14 14 14 14 14 14 14 10 10 10 10 10 10 10 14 14 14 10 10 13 10 10 11 11 11 11 11 10 10 10 10 10 10 10 10 10 10 10 11 10 10 10 10 10 10 13 20 21 21 21 21 21 21 21 21 21 21 21 21 21 21 21 
21 21 21 21 21 21 21 21 21 21 21 21 21 21 21 21 21 21 21 21 21 21 21 21 21 21 21 22 11 11 10 14 14 14 14 14 14 10 14 14 14 14 14 14 14 14 14 14 14 14 14 14 14 14 10 10 10 10 10 10 10 10 10 10 10 10 10 10 10 10 10 15 16 16 16 16 16 16 16 16 16 16 16 16 24 21 21 21 21 21 21 21 21 21 21 21 21 21 21 21 
21 21 21 21 21 21 21 21 21 21 21 21 21 21 21 21 21 21 21 21 21 21 21 21 21 21 21 22 11 11 11 14 14 14 14 14 14 10 10 10 10 10 10 10 10 14 14 14 14 14 14 14 14 14 10 10 10 10 10 10 10 10 10 10 10 10 10 10 13 14 10 20 21 21 21 21 21 21 21 21 21 21 21 21 21 21 21 21 21 21 21 21 21 21 21 21 21 21 21 21 
21 21 21 21 21 21 21 21 21 21 21 21 21 21 21 21 21 21 21 21 21 21 21 21 21 21 21 22 10 10 10 10 10 14 14 14 14 14 14 14 14 14 14 10 10 14 14 14 14 14 14 14 14 10 10 10 10 10 10 10 10 10 12 10 15 16 16 16 16 16 16 24 21 21 21 21 21 21 21 21 21 21 21 21 21 21 21 21 21 21 21 21 21 21 21 21 21 21 21 21 
21 21 21 21 21 21 21 21 21 21 21 21 21 21 21 21 21 21 21 21 21 21 21 21 21 21 21 23 16 16 16 17 10 10 14 14 14 14 14 14 14 14 14 10 10 14 14 14 14 14 14 10 10 10 11 10 14 10 10 10 10 10 10 10 20 21 21 21 21 21 21 21 21 21 21 21 21 21 21 21 21 21 21 21 21 21 21 21 21 21 21 21 21 21 21 21 21 21 21 21 
21 21 21 21 21 21 21 21 21 21 21 21 21 21 21 21 21 21 21 21 21 21 21 21 21 21 21 21 21 21 21 22 10 10 13 14 14 14 14 14 14 14 14 10 10 14 14 14 10 10 10 11 10 11 11 10 10 10 10 10 10 10 10 10 20 21 21 21 21 21 21 21 21 21 21 21 21 21 21 21 21 21 21 21 21 21 21 21 21 21 21 21 21 21 21 21 21 21 21 21 
21 21 21 21 21 21 21 21 21 21 21 21 21 21 21 21 21 21 21 21 21 21 21 21 21 21 21 21 21 21 21 22 10 10 10 10 10 10 10 10 10 10 10 10 10 10 10 10 10 10 10 11 11 11 10 10 10 10 10 10 15 16 16 16 24 21 21 21 21 21 21 21 21 21 21 21 21 21 21 21 21 21 21 21 21 21 21 21 21 21 21 21 21 21 21 21 21 21 21 21 
21 21 21 21 21 21 21 21 21 21 21 21 21 21 21 21 21 21 21 21 21 21 21 21 21 21 21 21 21 21 21 23 16 16 16 16 16 16 16 16 16 16 16 16 16 16 16 16 16 16 16 16 16 16 16 16 16 16 16 16 24 21 21 21 21 21 21 21 21 21 21 21 21 21 21 21 21 21 21 21 21 21 21 21 21 21 21 21 21 21 21 21 21 21 21 21 21 21 21 21 
21 21 21 21 21 21 21 21 21 21 21 21 21 21 21 21 21 21 21 21 21 21 21 21 21 21 21 21 21 21 21 21 21 21 21 21 21 21 21 21 21 21 21 21 21 21 21 21 21 21 21 21 21 21 21 21 21 21 21 21 21 21 21 21 21 21 21 21 21 21 21 21 21 21 21 21 21 21 21 21 21 21 21 21 21 21 21 21 21 21 21 21 21 21 21 21 21 21 21 21 
21 21 21 21 21 21 21 21 21 21 21 21 21 21 21 21 21 21 21 21 21 21 21 21 21 21 21 21 21 21 21 21 21 21 21 21 21 21 21 21 21 21 21 21 21 21 21 21 21 21 21 21 21 21 21 21 21 21 21 21 21 21 21 21 21 21 21 21 21 21 21 21 21 21 21 21 21 21 21 21 21 21 21 21 21 21 21 21 21 21 21 21 21 21 21 21 21 21 21 21 
21 21 21 21 21 21 21 21 21 21 21 21 21 21 21 21 21 21 21 21 21 21 21 21 21 21 21 21 21 21 21 21 21 21 21 21 21 21 21 21 21 21 21 21 21 21 21 21 21 21 21 21 21 21 21 21 21 21 21 21 21 21 21 21 21 21 21 21 21 21 21 21 21 21 21 21 21 21 21 21 21 21 21 21 21 21 21 21 21 21 21 21 21 21 21 21 21 21 21 21 
21 21 21 21 21 21 21 21 21 21 21 21 21 21 21 21 21 21 21 21 21 21 21 21 21 21 21 21 21 21 21 21 21 21 21 21 21 21 21 21 21 21 21 21 21 21 21 21 21 21 21 21 21 21 21 21 21 21 21 21 21 21 21 21 21 21 21 21 21 21 21 21 21 21 21 21 21 21 21 21 21 21 21 21 21 21 21 21 21 21 21 21 21 21 21 21 21 21 21 21 
21 21 21 21 21 21 21 21 21 21 21 21 21 21 21 21 21 21 21 21 21 21 21 21 21 21 21 21 21 21 21 21 21 21 21 21 21 21 21 21 21 21 21 21 21 21 21 21 21 21 21 21 21 21 21 21 21 21 21 21 21 21 21 21 21 21 21 21 21 21 21 21 21 21 21 21 21 21 21 21 21 21 21 21 21 21 21 21 21 21 21 21 21 21 21 21 21 21 21 21 
21 21 21 21 21 21 21 21 21 21 21 21 21 21 21 21 21 21 21 21 21 21 21 21 21 21 21 21 21 21 21 21 21 21 21 21 21 21 21 21 21 21 21 21 21 21 21 21 21 21 21 21 21 21 21 21 21 21 21 21 21 21 21 21 21 21 21 21 21 21 21 21 21 21 21 21 21 21 21 21 21 21 21 21 21 21 21 21 21 21 21 21 21 21 21 21 21 21 21 21 
21 21 21 21 21 21 21 21 21 21 21 21 21 21 21 21 21 21 21 21 21 21 21 21 21 21 21 21 21 21 21 21 21 21 21 21 21 21 21 21 21 21 21 21 21 21 21 21 21 21 21 21 21 21 21 21 21 21 21 21 21 21 21 21 21 21 21 21 21 21 21 21 21 21 21 21 21 21 21 21 21 21 21 21 21 21 21 21 21 21 21 21 21 21 21 21 21 21 21 21 
21 21 21 21 21 21 21 21 21 21 21 21 21 21 21 21 21 21 21 21 21 21 21 21 21 21 21 21 21 21 21 21 21 21 21 21 21 21 21 21 21 21 21 21 21 21 21 21 21 21 21 21 21 21 21 21 21 21 21 21 21 21 21 21 21 21 21 21 21 21 21 21 21 21 21 21 21 21 21 21 21 21 21 21 21 21 21 21 21 21 21 21 21 21 21 21 21 21 21 21 
